1531
0 157
0 436
0 414
0 460
0 28
0 50
0 556
1 50
1 2
1 414
1 414
1 339
1 127
1 49
1 556
1 900
0 289
0 988
0 795
0 144
0 390
0 340
1 826
1 42
1 144
1 289
1 677
0 524
0 614
0 205
0 312
0 100
0 726
0 916
1 529
1 647
1 524
1 627
1 340
0 479
0 969
0 274
0 641
0 433
0 888
0 566
1 433
1 556
1 217
1 641
1 524
1 28
0 100
0 618
0 25
0 74
0 157
0 493
0 270
0 417
0 569
1 157
1 462
1 25
1 417
1 100
1 537
1 30
1 81
1 100
1 404
0 21
0 862
0 379
0 685
0 904
0 483
0 759
0 744
0 911
0 950
0 560
0 105
1 25
1 390
1 589
1 417
1 614
1 574
1 105
1 569
1 493
1 710
0 346
0 137
0 153
0 573
0 925
0 710
0 217
0 963
0 90
0 130
1 916
1 73
1 805
1 726
1 90
1 969
1 346
1 955
1 211
0 379
0 270
0 172
0 234
0 283
0 398
1 347
1 573
1 911
1 435
1 379
1 640
1 262
1 41
0 272
0 154
0 821
0 365
0 171
0 269
0 701
0 653
1 959
1 797
1 308
1 991
1 715
1 414
0 224
0 539
0 378
0 53
0 114
0 989
0 67
0 223
0 231
1 460
1 590
1 270
1 53
1 433
1 28
1 404
0 297
0 134
0 506
0 57
0 595
0 962
0 483
0 154
0 309
0 932
1 274
1 595
1 930
1 314
1 820
1 153
0 360
0 643
0 928
0 621
0 955
0 225
0 570
0 853
0 722
1 100
1 573
1 910
1 398
1 932
1 199
0 777
0 657
0 952
0 641
0 368
0 184
0 776
0 266
0 954
0 308
1 224
1 445
1 274
1 641
1 439
1 483
1 761
0 716
0 850
0 482
0 217
0 173
0 506
1 850
1 569
1 871
1 856
1 970
1 130
0 351
0 300
0 638
0 364
0 32
0 104
0 679
1 274
1 956
1 649
1 314
1 360
1 223
0 109
0 673
0 735
0 295
0 313
0 198
0 355
0 793
0 156
1 823
1 114
1 379
1 50
1 75
1 483
1 566
0 383
0 133
0 304
0 981
0 666
0 967
0 192
0 902
0 131
1 207
1 618
1 673
1 295
1 105
1 539
1 305
1 559
0 424
0 280
0 902
0 480
0 583
0 140
0 723
0 557
1 710
1 224
1 735
1 671
1 560
1 154
1 312
1 100
1 279
1 130
0 330
0 515
0 915
0 881
0 634
0 387
0 287
0 643
0 742
1 570
1 493
1 705
1 799
1 109
1 669
1 351
1 614
1 539
0 892
0 522
0 443
0 361
0 378
0 700
0 882
0 899
1 387
1 794
1 107
1 566
1 166
1 50
1 317
0 709
0 156
0 69
0 995
0 171
0 569
0 801
0 652
1 171
1 673
1 812
1 744
1 499
1 641
1 634
1 638
0 128
0 804
0 346
0 138
0 495
1 972
1 643
1 645
1 387
1 283
1 339
1 596
1 32
1 860
0 876
0 990
0 635
0 598
0 741
0 570
0 540
0 801
1 234
1 351
1 873
1 69
1 184
1 986
1 156
1 995
1 570
1 641
0 768
0 639
0 438
0 394
0 680
0 486
0 752
0 98
0 10
0 179
1 777
1 853
1 223
1 86
1 877
1 197
1 679
1 49
0 334
0 325
0 428
0 763
0 115
1 634
1 97
1 569
1 316
1 379
0 892
0 629
0 752
0 366
0 395
0 428
0 847
0 26
1 928
1 346
1 982
1 320
1 565
1 134
1 853
1 686
0 807
0 834
0 596
0 984
0 324
0 465
1 300
1 861
1 360
1 133
1 618
1 942
1 163
0 515
0 234
0 290
0 693
0 339
1 726
1 653
1 701
1 465
1 834
1 535
1 769
1 643
0 587
0 836
0 439
0 620
0 371
0 418
0 534
0 764
0 697
1 634
1 457
1 793
1 722
1 422
1 722
1 25
1 260
0 204
0 983
0 721
0 997
0 127
0 728
0 170
0 798
1 221
1 330
1 234
1 563
1 67
0 376
0 173
0 887
0 673
0 481
0 929
0 44
1 50
1 854
1 952
1 401
1 413
1 422
1 661
0 923
0 0
0 0
0 952
0 504
0 759
0 525
0 117
0 636
1 626
1 0
1 138
1 832
1 833
1 127
1 127
0 374
0 605
0 901
0 989
0 490
0 732
0 699
0 0
1 832
1 483
1 569
1 139
1 585
0 754
0 707
0 400
0 21
0 788
1 140
1 596
1 142
1 63
1 554
1 492
1 114
1 780
1 172
0 925
0 735
0 492
0 296
0 530
1 51
1 589
1 872
1 557
1 777
1 67
1 984
1 339
0 724
0 350
0 710
0 242
0 164
0 641
1 569
1 790
1 147
1 726
1 673
1 674
1 377
1 171
0 127
0 999
0 316
0 839
0 567
0 486
0 767
0 966
0 435
1 156
1 96
1 853
1 631
1 309
1 128
1 365
1 989
0 297
0 688
0 996
0 401
0 69
0 416
0 582
0 682
1 673
1 50
1 767
1 911
1 312
1 766
1 69
1 767
1 700
1 699
0 926
0 362
0 878
0 579
0 853
0 634
0 711
0 105
0 736
1 486
1 265
1 224
1 601
1 963
1 227
1 433
0 669
0 659
0 495
0 313
0 718
1 335
1 443
1 902
1 628
1 856
1 272
1 598
1 736
0 726
0 733
0 187
0 857
0 724
1 569
1 390
1 394
1 589
1 795
1 803
0 155
0 648
0 290
0 946
0 67
0 104
1 290
1 287
1 251
1 718
1 447
1 681
0 651
0 834
0 560
0 164
0 43
0 955
1 542
1 140
1 510
1 639
1 556
1 902
0 880
0 719
0 367
0 203
0 729
0 786
1 645
1 508
1 340
1 983
1 200
1 107
1 114
1 210
1 308
1 902
0 946
0 804
0 637
0 833
0 448
0 69
1 150
1 127
1 234
1 587
1 861
1 984
0 630
0 57
0 137
0 78
0 628
0 141
0 825
1 707
1 888
1 639
1 246
1 893
0 120
0 428
0 549
0 737
0 241
0 924
0 554
0 658
0 554
1 216
1 651
1 573
1 436
1 328
1 862
1 735
1 929
0 211
0 784
0 114
0 326
0 42
0 107
0 761
0 225
1 763
1 894
1 98
1 530
1 617
1 680
0 564
0 638
0 131
0 242
0 545
0 824
0 463
1 80
1 793
1 656
1 970
1 724
1 766
1 250
1 959
0 596
0 206
0 356
0 435
0 454
0 744
1 257
1 451
1 299
1 489
1 784
0 43
0 868
0 192
0 676
0 253
0 463
0 619
0 269
0 709
0 680
1 331
1 820
1 621
1 424
1 744
1 772
1 131
1 379
1 770
0 859
0 229
0 148
0 988
0 906
0 954
0 369
0 303
0 470
0 211
0 726
1 271
1 526
1 460
1 621
1 399
1 967
1 688
1 676
1 881
0 644
0 780
0 493
0 898
0 328
0 509
0 202
0 138
0 649
0 668
1 428
1 658
1 557
1 395
1 107
1 300
1 418
1 683
1 216
1 269
0 221
0 43
0 777
0 462
0 870
0 893
0 61
0 824
0 766
0 959
0 893
0 186
0 57
1 104
1 716
1 492
1 306
1 403
1 817
1 934
1 893
0 5
0 913
0 302
0 187
0 361
0 101
0 748
0 50
0 939
0 809
1 626
1 912
1 340
1 560
1 187
0 584
0 10
0 148
0 513
0 277
0 363
0 324
1 326
1 878
1 127
1 704
1 575
0 994
0 623
0 990
0 696
0 149
0 693
0 754
0 151
1 382
1 959
1 786
1 167
1 809
0 669
0 451
0 173
0 658
0 764
0 339
0 986
1 368
1 327
1 744
1 571
1 137
1 641
1 567
1 992
1 978
0 431
0 26
0 711
0 898
0 477
0 660
1 371
1 833
1 436
1 428
1 834
1 573
1 290
1 744
0 503
0 868
0 247
0 155
0 936
0 571
0 958
0 476
0 17
1 140
1 463
1 610
1 392
1 53
1 652
1 643
1 660
1 289
0 37
0 107
0 996
0 247
0 149
0 350
0 2
0 238
1 554
1 525
1 486
1 757
1 635
0 690
0 622
0 958
0 390
0 295
1 821
1 206
1 844
1 533
1 259
1 350
0 580
0 780
0 831
0 899
0 763
0 19
1 746
1 754
1 179
1 554
1 256
1 296
1 429
1 744
1 638
0 882
0 805
0 422
0 257
0 881
0 623
0 836
0 889
0 527
0 173
0 215
1 74
1 435
1 127
1 508
1 793
1 742
1 247
1 90
1 852
0 26
0 784
0 530
0 779
0 484
0 991
0 809
0 74
1 383
1 57
1 477
1 888
1 117
1 396
0 289
0 817
0 267
0 116
0 887
1 638
1 538
1 223
1 263
1 57
1 865
1 821
1 591
1 831
0 969
0 313
0 791
0 916
0 386
0 995
1 350
1 939
1 490
1 845
1 777
1 479
1 994
1 39
0 91
0 130
0 755
0 360
0 526
0 577
1 831
1 700
1 896
1 621
1 32
1 443
1 151
1 43
1 566
1 899
0 872
0 916
0 661
0 451
0 16
0 440
0 568
0 966
0 296
1 170
1 184
1 761
1 718
1 443
1 461
1 101
0 696
0 662
0 424
0 863
0 435
1 392
1 904
1 983
1 501
1 387
1 186
0 902
0 743
0 50
0 298
0 950
0 229
0 398
0 512
0 808
0 878
1 267
1 759
1 854
1 220
1 270
1 272
1 736
1 435
1 908
1 925
0 339
0 946
0 126
0 16
0 789
0 710
0 655
1 447
1 103
1 316
1 69
1 924
0 143
0 565
0 752
0 803
0 396
0 296
0 694
0 292
0 199
0 617
0 367
1 780
1 728
1 766
1 433
1 682
1 46
0 216
0 846
0 492
0 851
0 952
1 901
1 254
1 672
1 587
1 389
0 442
0 992
0 509
0 269
0 380
0 27
1 309
1 499
1 38
1 325
1 651
1 663
1 457
0 541
0 503
0 753
0 996
0 263
0 652
0 157
1 195
1 520
1 523
1 538
1 330
1 58
1 138
1 259
1 911
1 995
0 82
0 196
0 428
0 639
0 443
0 667
1 601
1 763
1 420
1 101
1 506
1 929
1 428
1 707
1 346
0 913
0 337
0 7
0 83
0 507
0 243
0 826
0 135
0 918
1 836
1 619
1 923
1 308
1 956
1 298
1 476
1 611
1 266
1 707
0 601
0 306
0 542
0 367
0 353
0 503
0 477
0 469
0 694
0 964
1 972
1 350
1 964
1 711
1 481
1 442
0 831
0 82
0 788
0 183
0 370
0 491
0 532
0 466
0 304
1 871
1 179
1 857
1 904
1 428
1 247
0 873
0 458
0 633
0 785
0 797
0 190
0 288
1 771
1 759
1 579
1 428
1 831
1 347
1 266
1 826
0 941
0 112
0 63
0 567
0 315
0 246
0 289
1 107
1 764
1 231
1 676
1 779
1 56
1 454
1 163
1 953
1 417
1 716
0 428
0 475
0 872
0 157
0 745
0 153
0 541
1 904
1 539
1 925
1 38
1 701
0 409
0 148
0 755
0 484
0 189
0 979
0 216
0 215
1 407
1 215
1 324
1 556
1 317
1 707
1 149
0 840
0 397
0 11
0 815
0 184
1 292
1 537
1 989
1 966
1 201
1 3
0 559
0 385
0 303
0 300
0 270
0 782
0 964
1 881
1 428
1 557
1 446
1 878
1 451
1 882
1 290
1 148
0 190
0 851
0 207
0 762
0 206
0 760
0 268
0 451
0 711
1 0
1 704
1 666
1 836
1 700
1 913
1 134
1 179
1 300
1 497
0 300
0 789
0 578
0 904
0 591
0 279
0 311
0 254
1 246
1 16
1 975
1 614
1 914
1 698
1 958
1 716
1 892
1 128
1 128
1 918
1 253
1 369
0 803
0 146
0 58
0 533
0 827
0 220
0 813
0 927
1 868
1 463
1 711
1 442
1 245
1 788
1 872
1 92
0 365
0 131
0 70
0 715
0 186
0 423
0 957
0 221
0 582
0 222
0 752
0 89
0 871
0 18
1 950
1 938
1 683
1 869
1 466
1 755
1 112
1 436
1 334
0 467
0 966
0 533
0 991
0 994
0 404
0 46
0 417
0 371
0 633
0 493
0 584
1 319
1 388
1 666
1 330
1 85
0 382
0 820
0 613
0 431
0 412
0 46
0 558
0 667
0 444
0 891
0 263
0 9
0 19
0 298
1 958
1 16
1 186
1 73
1 70
0 673
0 145
0 496
0 253
0 870
0 124
0 433
0 127
1 847
1 584
1 254
1 545
1 593
1 298
1 676
1 109
1 263
0 551
0 896
0 191
0 294
0 878
0 997
0 153
1 42
1 789
1 307
1 776
1 416
1 882
1 269
1 545
0 339
0 510
0 210
0 523
0 700
0 53
0 60
0 32
1 981
1 763
1 270
1 620
1 211
1 913
1 784
1 185
0 487
0 980
0 91
0 53
0 526
0 268
0 673
0 211
0 464
1 246
1 989
1 69
1 812
1 398
1 946
1 477
1 589
1 949
0 218
0 727
0 120
0 96
0 865
1 617
1 408
1 429
1 297
1 651
1 330
1 876
1 503
0 236
0 336
0 236
0 687
0 604
0 73
0 166
1 530
1 921
1 584
1 669
1 719
1 992
0 455
0 791
0 896
0 389
0 316
0 603
0 616
0 5
1 677
1 958
1 583
1 290
1 194
1 356
1 397
0 768
0 646
0 36
0 829
0 103
1 710
1 10
1 660
1 573
1 353
1 192
1 835
1 428
1 467
