2272
0 607
0 757
0 471
0 100
0 618
0 25
0 74
0 157
1 358
1 757
1 622
1 74
1 390
1 757
1 100
2 618
2 30
2 81
2 100
2 404
0 21
0 862
0 379
0 685
0 904
0 483
0 759
0 744
0 911
0 950
0 560
0 105
1 25
1 744
1 589
1 471
1 379
1 574
1 100
1 105
1 21
1 710
2 950
2 483
2 379
2 217
2 55
2 130
0 633
0 789
0 604
0 805
0 868
0 485
0 195
0 949
1 862
1 868
1 955
1 211
1 789
2 379
2 283
2 744
2 471
2 633
2 435
2 759
2 640
2 262
0 848
0 324
0 122
0 335
0 457
0 747
1 269
1 744
1 959
1 797
1 308
1 991
1 715
2 559
2 16
2 539
2 100
2 471
2 485
0 122
0 875
0 179
0 254
0 131
0 857
0 181
1 685
1 862
1 404
1 868
1 181
1 57
1 999
1 483
1 254
2 21
2 860
2 685
2 930
2 314
2 820
2 324
0 360
0 643
0 928
0 621
0 955
0 225
0 570
0 853
0 722
1 949
1 757
1 910
1 398
1 181
1 199
2 157
2 360
2 368
2 195
2 266
2 528
2 25
0 445
0 325
0 283
0 127
0 421
0 334
0 334
1 621
1 762
1 716
1 662
1 217
1 15
2 379
2 950
2 871
2 856
2 970
2 928
0 351
0 300
0 638
0 364
0 32
0 104
0 679
1 904
1 956
1 649
1 314
1 485
1 360
2 950
2 735
2 950
2 100
2 468
0 823
0 171
0 677
0 245
0 761
1 50
1 75
1 179
1 195
1 759
1 343
1 868
2 912
2 902
2 2
2 718
2 604
2 957
2 677
2 195
2 604
2 305
2 559
0 424
0 280
0 902
0 480
0 583
0 140
0 723
0 557
1 710
1 633
1 759
1 671
1 875
1 154
1 457
1 570
1 279
1 904
2 330
2 225
2 11
2 387
2 131
2 354
2 904
2 353
2 705
0 734
0 315
0 87
0 669
0 487
0 837
0 89
1 960
1 928
1 131
1 862
1 853
1 744
2 104
2 794
2 107
2 633
2 166
2 25
2 317
0 709
0 156
0 69
0 995
0 171
0 569
0 801
0 652
1 21
1 677
1 812
1 734
1 499
1 351
1 157
1 560
2 181
2 837
2 495
2 972
2 171
2 645
2 157
2 643
2 339
0 330
0 294
0 757
0 860
0 292
0 876
0 990
0 635
0 598
0 741
0 570
1 583
1 583
1 21
1 873
1 875
1 761
1 986
1 761
1 294
1 325
1 334
2 904
2 438
2 320
2 486
2 463
2 457
2 66
2 472
0 797
0 547
0 516
0 912
0 877
1 197
1 928
1 49
1 906
1 325
1 741
1 122
1 897
1 25
2 634
2 25
2 930
2 583
2 409
2 557
2 990
0 786
0 763
0 508
0 416
0 982
0 540
1 334
1 134
1 853
1 686
1 122
1 869
1 984
1 157
1 325
1 861
2 379
2 293
2 135
2 942
2 163
2 638
2 332
0 633
0 880
0 293
0 854
0 444
0 323
0 751
1 445
1 104
1 535
1 769
1 853
1 618
1 761
2 904
2 868
2 697
2 416
2 457
2 89
2 911
2 422
2 677
2 25
0 52
0 957
0 287
0 540
0 826
0 205
0 878
0 169
1 798
1 221
1 734
1 516
1 563
1 557
2 801
2 887
2 424
2 396
2 280
2 583
2 902
0 401
0 171
0 958
0 422
0 755
0 90
1 669
1 0
1 12
1 759
1 540
1 90
1 982
1 880
1 863
2 483
2 127
2 294
2 446
2 605
2 876
0 732
0 699
0 0
0 457
0 348
0 17
0 169
0 569
0 128
0 18
1 392
1 995
1 400
1 485
1 190
1 100
2 142
2 63
2 554
2 492
2 128
2 780
2 823
0 925
0 735
0 492
0 296
0 530
1 51
1 589
1 872
1 557
1 280
1 633
1 323
1 90
2 724
2 236
2 242
2 52
2 569
0 902
0 147
0 89
0 439
0 17
0 375
1 674
1 377
1 444
1 300
1 697
2 735
2 424
2 950
2 416
2 96
0 95
0 950
0 802
0 630
0 525
0 690
0 161
0 934
0 795
1 364
1 297
1 861
1 401
1 428
1 957
1 797
1 955
2 795
2 621
2 335
2 766
2 195
2 401
2 700
2 171
0 926
0 362
0 878
0 579
0 853
0 634
0 711
0 105
0 736
1 685
1 265
1 634
1 601
1 963
1 227
1 433
2 711
2 375
2 718
2 335
2 443
2 17
2 628
0 110
0 641
0 481
0 90
0 854
0 736
0 682
0 726
0 733
1 862
1 210
1 732
1 722
1 366
1 928
1 957
2 100
2 195
2 334
2 408
2 487
2 875
0 291
0 435
0 448
0 681
0 200
0 651
0 834
0 560
1 950
1 604
1 640
1 136
1 428
1 875
1 556
1 643
2 880
2 759
2 633
2 370
2 858
2 286
2 513
0 947
0 658
0 878
0 107
0 53
0 7
0 175
1 904
1 626
1 485
1 123
1 722
2 7
2 150
2 570
2 755
2 171
2 861
2 685
0 630
0 57
0 137
0 78
0 628
0 141
0 825
1 287
1 682
1 878
1 246
1 893
2 171
2 549
2 57
2 458
2 658
2 911
2 853
2 263
2 305
0 111
0 328
0 186
0 55
0 683
0 589
0 89
0 853
0 880
1 999
1 364
1 42
1 733
1 171
2 894
2 379
2 862
2 617
2 680
2 6
2 789
0 709
0 825
0 756
0 71
0 80
0 485
1 174
1 589
1 841
1 848
1 838
2 171
2 135
2 206
2 492
2 962
0 257
0 440
0 886
0 299
0 289
0 946
0 784
1 685
1 319
1 107
1 439
1 140
1 362
2 522
2 413
2 264
2 250
2 794
2 804
2 638
2 709
2 770
0 859
0 229
0 148
0 988
0 906
0 954
0 369
0 303
0 470
0 211
0 726
1 271
1 526
1 128
1 837
1 399
1 967
1 688
1 676
1 137
2 644
2 859
2 386
2 579
2 138
2 458
0 428
0 174
0 14
0 62
0 656
0 735
0 334
0 160
0 507
0 964
1 439
1 330
1 216
1 641
1 784
1 507
1 386
1 148
1 709
1 959
2 876
2 46
2 651
2 813
2 523
0 403
0 163
0 234
0 934
0 549
0 818
0 504
0 904
1 302
1 982
1 526
1 50
1 483
1 626
1 912
2 203
2 560
2 416
2 557
2 682
2 513
2 107
2 342
2 988
0 225
0 902
0 704
0 380
0 946
1 994
1 142
1 904
1 957
1 151
1 382
1 959
1 786
1 167
1 809
2 169
2 173
2 585
2 339
2 853
2 445
2 348
2 571
2 652
2 375
0 157
0 893
0 850
0 978
0 960
0 431
0 26
1 492
1 823
1 805
1 687
1 480
1 609
1 127
1 458
2 448
2 203
2 215
2 364
2 247
2 962
0 717
0 638
0 187
0 934
0 140
1 934
1 610
1 392
1 53
1 652
1 825
1 660
1 287
2 37
2 365
2 247
2 697
2 955
0 892
0 21
0 191
0 495
0 439
0 323
0 757
0 726
1 91
1 690
1 388
1 878
1 768
1 229
1 925
1 801
2 886
2 800
2 774
2 78
2 802
2 512
2 328
0 587
0 196
0 554
0 129
0 138
0 296
0 55
0 608
0 600
0 718
1 737
1 835
1 439
1 880
1 294
1 889
1 175
1 412
1 130
2 956
2 839
2 508
2 17
2 7
2 171
2 735
2 852
0 26
0 784
0 530
0 779
0 484
0 991
0 809
0 74
1 160
1 32
1 421
1 334
1 722
1 396
2 906
2 267
2 850
2 598
2 538
2 862
0 814
0 467
0 616
0 865
0 406
0 441
1 591
1 831
1 161
1 733
1 732
1 995
1 652
1 995
1 131
2 723
2 635
2 848
2 618
2 89
2 64
2 755
0 526
0 577
0 415
0 433
0 389
0 939
0 370
0 694
1 975
1 457
1 865
1 303
1 299
1 296
1 982
1 146
1 641
1 451
1 498
1 568
2 157
2 669
2 789
2 722
2 926
2 443
2 461
2 375
0 696
0 662
0 424
0 863
0 435
1 392
1 492
1 983
1 501
1 387
1 988
2 902
2 326
2 579
2 74
2 512
2 847
2 349
2 736
2 348
0 612
0 210
0 270
0 941
0 471
0 689
1 493
1 736
1 711
1 95
1 162
1 289
1 789
2 328
2 325
2 53
2 859
2 591
2 570
2 565
0 803
0 396
0 296
0 694
0 292
0 199
0 617
0 367
0 322
0 137
1 801
1 766
1 508
1 658
1 46
2 216
2 185
2 851
2 823
2 864
2 630
2 823
2 147
0 776
0 310
0 424
0 529
0 75
1 27
1 309
1 499
1 38
1 325
1 651
2 483
2 491
2 995
2 938
2 457
2 157
2 195
2 520
0 762
0 538
0 463
0 165
0 582
0 328
0 27
0 375
1 990
1 171
1 299
1 69
1 229
1 667
2 587
2 607
2 315
2 471
2 929
2 756
2 283
2 346
0 913
0 337
0 7
0 83
0 507
0 243
0 826
0 135
0 918
1 375
1 78
1 690
1 878
1 956
1 17
1 476
1 611
1 711
1 380
2 122
2 542
2 335
2 718
2 226
2 293
2 310
2 725
2 195
2 321
2 495
2 171
0 831
0 82
0 788
0 183
0 370
0 491
0 532
0 466
0 304
1 871
1 367
1 140
1 370
1 128
1 163
2 530
2 445
2 379
2 288
2 771
2 759
2 718
0 319
0 270
0 537
0 409
0 866
0 639
0 603
0 540
1 175
1 718
1 567
1 969
1 289
1 617
2 875
2 231
2 0
2 689
2 56
2 652
2 163
2 953
2 926
2 784
0 428
0 475
0 872
0 157
0 745
0 153
0 541
1 292
1 539
1 904
1 38
1 677
2 409
2 946
2 444
2 647
2 191
2 319
0 975
0 969
0 986
0 212
0 317
0 757
0 241
0 72
0 192
1 840
1 379
1 440
1 658
1 110
1 471
1 292
1 201
1 3
2 559
2 323
2 55
2 782
2 389
2 128
0 189
0 710
0 446
0 682
0 88
0 366
0 357
0 3
0 724
0 305
0 884
0 531
0 459
1 186
1 207
1 78
1 7
1 762
1 789
1 26
2 330
2 287
2 700
2 759
2 428
2 179
2 300
2 497
2 554
0 431
0 681
0 579
0 227
0 707
0 94
0 602
0 914
0 703
0 508
1 90
1 614
1 914
1 698
1 421
1 946
1 726
1 128
1 507
1 918
1 55
1 435
1 761
2 88
2 827
2 95
2 526
2 55
2 204
2 569
2 457
0 777
0 115
0 348
0 92
0 612
1 735
1 850
1 507
1 570
1 818
1 834
1 317
1 850
1 749
2 683
2 869
2 310
2 370
2 27
2 757
2 175
0 467
0 966
0 533
0 991
0 994
0 404
0 46
0 417
0 371
0 633
0 493
0 584
1 319
1 388
1 62
1 330
1 85
2 382
2 875
2 246
2 46
2 191
2 736
2 878
2 619
2 223
2 606
2 758
0 228
0 818
0 70
0 780
0 673
0 145
0 496
0 253
0 870
1 906
1 328
1 63
1 957
1 607
1 228
2 292
2 394
2 913
2 225
2 7
2 903
2 322
2 137
2 153
0 296
0 789
0 933
0 618
0 877
0 586
0 916
0 692
0 882
1 880
1 545
1 955
1 734
1 360
1 53
2 618
2 946
2 59
2 834
2 620
2 918
2 886
2 763
2 185
0 487
0 980
0 91
0 53
0 526
0 268
0 673
0 211
0 464
1 95
1 459
1 229
1 812
1 732
1 330
1 946
1 589
1 949
2 218
2 419
2 96
2 0
2 260
0 429
0 538
0 792
0 728
0 474
0 330
0 143
0 856
0 604
0 727
1 761
1 236
1 644
1 911
1 863
1 596
2 405
2 72
2 853
2 132
2 727
2 455
0 896
0 389
0 316
0 603
0 616
0 5
0 622
0 586
0 428
1 457
1 422
1 194
1 877
1 531
1 640
1 685
1 141
2 633
2 95
2 660
2 357
2 353
2 466
2 835
2 776
2 467
0 672
0 907
0 515
0 150
0 916
0 764
1 469
1 370
1 634
1 789
1 555
1 406
1 907
1 559
1 257
1 941
1 740
2 100
2 761
2 736
2 137
2 831
2 749
2 709
0 315
0 917
0 193
0 247
0 205
0 155
0 364
1 884
1 638
1 445
1 916
1 138
1 959
2 485
2 664
2 690
2 385
2 994
2 22
0 226
0 51
0 548
0 226
0 583
0 271
0 792
0 351
0 667
1 932
1 906
1 281
1 735
1 439
1 870
1 728
2 604
2 865
2 55
2 415
2 140
2 888
2 992
2 31
2 467
0 423
0 659
0 931
0 102
0 859
0 575
0 357
0 945
0 401
0 531
1 74
1 79
1 159
1 582
1 728
1 710
1 913
2 757
2 288
2 474
2 617
2 293
2 959
2 186
2 842
2 805
2 630
2 918
0 145
0 967
0 841
0 506
0 743
0 445
0 879
0 885
1 727
1 990
1 470
1 757
1 205
1 732
1 911
2 740
2 711
2 700
2 484
2 403
2 74
2 636
2 203
2 788
2 797
2 880
0 9
0 647
0 482
0 604
0 94
1 484
1 243
1 941
1 70
1 227
1 917
1 825
2 892
2 896
2 774
2 440
2 21
2 464
2 370
0 668
0 231
0 198
0 867
0 639
0 206
0 27
0 731
0 891
1 682
1 90
1 886
1 181
1 141
1 147
1 752
2 119
2 150
2 908
2 617
2 465
2 646
2 411
0 759
0 529
0 233
0 994
0 639
0 418
1 397
1 673
1 458
1 163
1 522
1 18
1 468
1 462
2 171
2 575
2 122
2 917
2 379
2 71
2 531
2 980
2 145
0 746
0 733
0 925
0 403
0 260
1 227
1 7
1 991
1 994
1 60
1 530
1 615
1 556
2 802
2 433
2 825
2 983
2 681
2 238
0 236
0 323
0 234
0 493
0 979
0 260
0 877
1 516
1 840
1 245
1 495
1 370
1 634
1 734
2 484
2 246
2 880
2 393
2 418
2 381
2 431
2 613
2 270
0 528
0 550
0 940
0 53
0 104
0 180
0 568
0 136
0 853
0 363
1 789
1 545
1 941
1 821
1 948
1 683
1 296
1 14
1 600
1 296
2 753
2 323
2 958
2 959
2 171
2 854
2 7
0 827
0 129
0 202
0 69
0 819
0 694
0 307
1 52
1 94
1 319
1 429
1 491
1 854
2 979
2 150
2 228
2 968
2 417
2 679
2 75
2 710
0 848
0 740
0 913
0 580
0 303
0 22
1 435
1 694
1 638
1 242
1 433
1 844
1 110
2 113
2 385
2 776
2 360
2 40
2 73
2 831
0 982
0 535
0 541
0 270
0 957
1 193
1 275
1 865
1 270
1 138
1 418
1 104
1 473
2 323
2 853
2 441
2 538
2 930
2 58
2 934
2 583
2 245
0 290
0 28
0 464
0 109
0 685
0 57
0 187
0 776
1 198
1 361
1 853
1 475
1 292
1 461
1 867
1 789
1 431
2 604
2 790
2 931
2 210
2 225
2 701
2 493
2 912
2 607
0 92
0 894
0 805
0 549
0 23
0 598
1 709
1 934
1 192
1 733
1 940
1 540
2 233
2 325
2 852
2 428
2 616
2 154
0 942
0 340
0 944
0 585
0 75
0 714
0 773
1 727
1 323
1 939
1 871
1 435
1 967
1 934
2 867
2 472
2 313
2 125
2 452
0 253
0 37
0 201
0 847
0 229
0 266
0 320
0 53
0 539
0 713
1 757
1 547
1 807
1 736
1 831
1 60
1 697
1 750
2 234
2 196
2 238
2 398
2 165
2 608
2 393
0 66
0 193
0 898
0 20
0 201
0 829
0 948
0 531
0 457
0 277
0 446
0 444
1 104
1 98
1 586
1 880
1 457
1 632
1 892
1 108
2 189
2 492
2 934
2 746
2 584
2 251
2 235
2 677
2 326
2 110
2 933
0 783
0 867
0 258
0 236
0 808
0 445
0 242
1 703
1 777
1 618
1 457
1 539
1 364
1 149
1 957
2 22
2 745
2 421
2 635
2 537
2 184
0 504
0 350
0 73
0 675
0 634
0 656
0 328
0 704
1 129
1 380
1 74
1 762
1 245
1 140
2 659
2 116
2 618
2 730
2 293
2 325
2 603
2 249
0 655
0 917
0 800
0 396
0 45
1 15
1 236
1 325
1 916
1 791
1 83
2 342
2 90
2 9
2 547
2 198
0 488
0 367
0 476
0 676
0 458
0 934
0 822
0 228
1 709
1 180
1 155
1 437
1 602
1 944
1 816
2 104
2 886
2 984
2 755
2 305
2 304
2 429
2 734
0 644
0 537
0 673
0 707
0 652
0 259
0 226
0 42
1 487
1 143
1 978
1 693
1 94
1 631
1 493
1 603
1 181
2 140
2 924
2 537
2 201
2 259
2 242
0 994
0 736
0 403
0 778
0 720
0 12
0 965
0 568
0 542
1 640
1 800
1 692
1 348
1 600
2 853
2 720
2 197
2 542
2 495
2 891
2 405
2 447
2 733
0 831
0 144
0 508
0 101
0 918
0 470
0 860
0 870
0 810
0 446
1 784
1 487
1 681
1 757
1 667
1 201
1 78
2 470
2 439
2 972
2 935
2 757
2 198
0 76
0 62
0 772
0 376
0 90
0 840
1 483
1 773
1 57
1 604
1 569
1 887
2 948
2 643
2 304
2 48
2 361
2 525
2 437
2 853
2 858
0 115
0 626
0 303
0 404
0 810
0 970
0 397
0 627
0 453
0 138
0 745
1 55
1 652
1 78
1 189
1 593
1 122
1 579
1 579
1 677
2 180
2 101
2 917
2 107
2 668
0 335
0 980
0 271
0 538
0 980
0 636
0 590
0 980
0 758
0 22
1 773
1 197
1 888
1 466
1 323
2 431
2 957
2 37
2 705
2 253
2 205
0 85
0 518
0 406
0 577
0 463
0 116
0 757
0 561
0 20
0 524
0 690
1 292
1 392
1 853
1 525
1 455
1 795
1 294
1 847
2 669
2 743
2 568
2 7
2 426
2 515
2 207
2 461
0 388
0 918
0 645
0 19
0 296
1 864
1 925
1 299
1 888
1 928
1 471
1 163
2 116
2 273
2 441
2 894
2 105
2 843
2 398
2 213
0 164
0 888
0 507
0 305
0 444
0 472
1 735
1 995
1 471
1 20
1 980
1 49
1 455
2 227
2 469
2 136
2 354
2 825
2 526
2 7
2 776
2 659
2 491
2 903
0 730
0 74
0 117
0 735
0 366
0 22
0 199
1 435
1 827
1 38
1 264
1 850
1 141
1 351
1 325
1 122
1 296
1 712
2 222
2 838
2 40
2 88
2 153
0 16
0 902
0 66
0 840
0 468
0 646
0 786
1 603
1 707
1 560
1 92
1 404
1 279
2 796
2 30
2 652
2 448
2 471
0 147
0 701
0 650
0 521
0 545
0 656
0 645
0 787
0 451
1 647
1 758
1 270
1 561
1 699
1 701
1 786
1 622
1 984
2 717
2 172
2 122
2 171
2 865
2 821
2 27
2 736
0 711
0 540
0 70
0 174
0 304
0 246
1 206
1 340
1 704
1 732
1 784
1 132
1 834
2 335
2 757
2 75
2 70
2 53
2 276
2 231
0 27
0 589
0 475
0 710
0 468
0 173
0 972
1 736
1 175
1 961
1 330
1 548
1 882
1 72
1 100
1 959
1 94
1 224
2 357
2 49
2 357
2 164
2 444
2 403
0 697
0 927
0 809
0 164
0 696
0 192
0 0
0 725
1 813
1 974
1 379
1 296
1 27
1 521
2 402
2 80
2 80
2 122
2 236
2 867
0 195
0 400
0 805
0 742
0 836
0 444
0 518
0 860
1 260
1 768
1 356
1 130
1 69
1 337
1 69
2 311
2 171
2 431
2 296
2 153
2 786
2 487
2 793
0 199
0 103
0 32
0 220
0 491
0 72
0 516
0 574
0 76
0 722
1 810
1 679
1 913
1 645
1 749
1 240
2 278
2 678
2 463
2 717
2 396
2 819
2 891
2 866
2 838
2 18
